16536
16457
16367
16424
16399
16517
16830
16791
17050
17080
17119
17072
17132
17522
17547
17730
17671
17735
17739
17917
17938
17963
17863
18035
18061
18042
18182
18219
18050
18055
18335
18241
18160
18133
18117
18019
17936
17922
18116
18071
18117
18322
18205
18222
18064
17950
17910
17878
17966
17819
17783
17652
17688
17953
17908
17935
17903
17797
17842
17953
17953
18066
18127
18052
17911
17902
17802
17821
17941
18019
18053
18091
18119
18167
18083
18111
18069
18188
18225
18342
18217
18063
17983
17836
17900
18008
17999
18075
18061
18191
18427
18461
18386
18453
18566
18741
18972
18963
18855
18760
18828
18786
18767
18775
18955
18932
19003
19016
19105
18967
18950
18903
18761
18533
18710
18652
18733
18663
18672
18961
18914
18974
19005
19122
19185
19242
19200
19144
19252
19192
19105
19236
19294
19328
19272
19472
19564
19438
19513
19435
19255
19158
19205
19239
18960
18992
19091
19211
19147
19061
18792
18767
18894
18832
18763
18730
18741
18725
18610
18638
18808
18916
18736
18716
18730
18810
18883
18892
18863
18791
18736
18727
18824
18825
18689
18502
18369
18291
18288
18136
18171
18338
18205
18430
18261
18066
18128
18208
18507
18405
18436
18322
18186
18186
18252
18277
18427
18636
18608
18797
18766
18703
18696
18803
18908
18850
18752
18775
18922
19007
18982
19152
19125
19236
19275
19261
19372
19727
19808
19710
19905
19811
19871
19866
19899
20141
20152
20035
20066
20253
20216
20046
20086
20422
20388
20299
20425
20438
20630
20672
20994
21202
21064
20980
21002
21094
20857
20713
20764
20961
21067
21127
20958
21088
21064
21380
20797
20611
20596
20672
20663
20825
20916
20842
20752
20578
20349
20425
20642
20738
20980
21028
20933
21177
21396
21278
21296
21347
21455
21624
21591
21597
21739
21975
22244
21975
22222
22461
22433
22378
22403
22677
22691
22541
22438
22433
22513
22557
22658
23169
23253
23319
23655
23466
23577
23560
23653
23333
23533
23472
23730
23897
23889
23513
23571
23247
22869
22863
23352
23375
23644
23597
23727
23772
24222
24302
24238
24474
24241
24175
24202
24228
24308
24050
23552
23516
23478
23772
23724
23608
23713
23785
23758
23641
23753
23442
23275
23319
23611
23544
24011
24135
24475
24663
24797
24735
24503
24550
24394
24564
24566
23996
23958
24113
24149
24572
24613
24435
24499
24405
24758
24525
24702
24892
24874
24960
25083
25203
25269
25178
24405
24158
24282
24300
24222
23811
23366
23500
23607
23636
23624
23817
23866
23794
24022
23600
23455
23658
23611
23491
23599
23702
23683
23703
23688
24067
24333
24566
24625
24714
24738
24650
24977
24966
25019
24780
25283
25330
25283
25292
24852
25008
25383
25047
24813
24766
24705
23517
23066
23194
23172
23167
23230
23221
23492
23566
23627
23183
23222
22991
23132
23360
23391
23371
23477
23441
23667
23585
23547
23591
23536
23880
23952
23883
23597
23588
23625
23927
23825
23877
23925
24094
24371
24397
24580
24619
24658
24586
24577
24613
24708
24663
24302
24450
24321
23677
23766
24205
24586
24744
24816
24877
24922
24905
25400
25385
25303
25116
25116
24927
25096
24816
24735
24821
25003
24755
24677
24972
24875
24633
24675
24691
24466
24336
24216
24644
25219
25277
25533
25727
25873
26029
25995
26264
26548
26627
26933
26904
26783
27391
27010
26960
27375
27539
27423
27407
27645
27598
27964
28116
28004
27816
27507
27754
27561
27970
28548
28542
28557
28548
28238
28288
28400
28295
28420
28300
28411
28861
29051
29066
28829
29085
29030
29122
28989
28823
29247
29277
29407
29817
30116
30164
30038
30092
29613
28920
29170
29238
29363
30041
30195
29669
29726
29285
29248
28561
27916
28444
28691
28608
29307
28719
28682
28151
28182
28251
28457
28835
28802
28935
29533
29547
29470
29336
29157
29329
29398
29423
28742
28664
27961
27820
28017
28216
28910
28873
29076
29010
28982
28845
29347
29508
29345
29672
29727
29747
29873
30161
30314
30476
30480
30569
30697
30964
30842
30685
30895
30716
30789
30400
30294
30563
30492
30739
30829
30751
30836
30763
31067
31042
31270
31458
31139
30854
30847
30780
30926
31064
31232
31564
31804
31866
31757
31623
31845
32208
32300
32800
33332
33239
33464
33398
33410
32925
32982
33483
33589
33332
33676
33457
33138
32704
32979
32339
32167
32020
31670
31355
31392
31713
32198
32307
31773
31485
31492
31485
31054
31950
32119
31972
32016
32320
32169
32182
32732
32807
32807
31922
31854
31416
31107
30939
31451
30523
29807
28270
22483
23683
25838
24825
24822
22766
23319
23327
24477
25178
25575
25082
24896
25447
25041
24316
23900
24189
24852
24563
24675
24303
24555
24005
24200
24299
24638
24410
24033
23030
23200
23344
22521
22391
22875
23491
23888
23357
23532
24219
24280
24808
24297
24916
24953
24994
25316
25202
24557
24458
24786
24708
25594
25863
25889
26107
24339
24749
24541
24580
24588
25205
25188
24932
24263
24313
24650
25216
24957
24938
25328
25707
25503
25557
25221
25221
25096
24910
25172
25666
25594
25763
25982
25920
25791
26160
26564
26501
26442
26157
26245
26782
26722
26798
26788
26729
26738
26942
26905
26383
26494
26636
26613
26864
27122
27111
26873
26883
26891
26335
25851
25805
26007
25807
25889
25608
25851
26548
26616
26942
27016
27136
27157
25975
25976
25920
25792
25613
25642
26014
26251
26392
26379
26260
26132
26155
26300
26032
25879
25748
25654
25761
25330
25385
25677
25870
25538
25135
25257
25302
25083
25350
25375
25463
25341
26216
26669
26532
26645
26704
26517
27151
27020
27126
27142
27429
27445
26976
27067
26894
27167
27566
27482
27377
26905
27230
27098
27350
27177
27580
27201
27177
27001
27054
26785
26932
27026
27204
27051
26847
27000
26666
26350
26467
26519
26250
26601
27201
27220
27205
27298
27192
27114
26998
26648
26189
26275
26254
25869
26055
26076
26102
26023
25698
25708
26113
25917
25967
26232
26251
26151
25835
26448
26558
26586
26588
26683
26647
26742
26930
26813
27064
26882
26973
27016
26917
26976
26888
26826
26907
27258
27191
27138
27061
27185
27239
27807
27823
27792
27398
27522
27550
27641
27938
27697
28288
28366
28227
28238
28138
27727
27852
27897
27905
27905
27920
27630
27392
27514
27332
27369
26792
26772
26833
26382
26460
26647
26622
26720
26900
26723
26864
27091
27370
27248
27180
27492
27758
27813
27658
27702
27651
27630
27530
27427
27629
27891
27747
27738
27686
27786
27682
27707
27939
27772
27530
27942
28001
28067
28098
28038
28201
28317
28386
28414
28354
28652
28691
28663
28450
28848
28914
29169
29382
29498
29747
29708
29683
29697
29604
29963
29864
29605
29201
29254
29180
29423
29480
29676
29598
29091
29204
28713
28782
28885
28710
28995
29117
29480
29386
29407
29392
29288
29532
29514
29667
29944
29269
28992
29132
29048
28898
29057
29158
29235
29251
29486
29639
29530
29623
29529
29716
29710
29848
29898
29639
30135
30172
30601
30714
30619
30960
30869
30675
30692
30957
30964
30911
30811
30816
30776
30760
30600
30519
30579
30695
31383
31616
31527
31748
31797
32123
32198
31832
31914
31917
32158
31904
32051
32197
32551
32202
32423
32695
32675
32669
32623
32391
32382
32007
32135
32189
32125
32048
32232
32800
32660
32844
32580
31967
31798
31923
32064
32154
32491
32707
32877
32980
32995
33183
33244
33135
33573
33351
33589
33367
33388
33804
34198
34214
34607
34375
34433
34473
34392
34941
34935
34694
34825
34473
34305
34470
34566
34445
34602
34067
34119
34470
35151
35051
35208
34983
35064
35145
35373
35255
34923
34835
34876
34766
34870
34545
34316
34505
34673
34654
34647
34570
34704
34423
34432
34510
34860
34914
35086
35470
35694
35697
35877
35979
35913
35698
35539
33364
34285
34116
34176
34713
34716
34482
34370
34250
33792
33505
33507
34035
34120
33848
33761
33260
33480
33814
33657
33910
33954
33798
34054
34057
34160
33935
33958
34191
34397
34560
34576
34360
34598
35063
35141
34957
34854
34758
34869
34855
35173
35275
35092
35014
34369
34245
34283
34477
34742
34680
34880
35067
35339
35969
35876
35567
35220
35379
34961
34730
34852
33992
33700
34075
33739
33819
33914
33038
33160
33026
32607
32579
32520
32298
32907
32879
33092
33185
32966
33375
33295
33361
33007
33101
33201
33489
33272
32798
32767
32570
32414
32867
33026
33189
33273
33554
33373
33792
33695
34026
33792
33867
33600
33686
33807
34191
34352
34157
33973
33569
33722
33763
34150
34200
34079
33994
33870
34364
34108
34073
34007
34136
34207
34192
34433
34473
34467
34072
33808
33511
33104
33035
33202
33292
32910
33079
33225
33448
33557
33839
34052
34201
34285
34382
35200
35475
35427
35400
35447
35464
35800
35842
35929
35841
35457
36064
36085
36123
36316
36739
36664
36495
36314
35870
36163
36625
36489
36289
36291
35688
35847
35910
36047
35542
35230
35205
35514
35763
35801
35954
36016
35567
35842
35951
35648
36123
36544
36730
36895
36751
36422
36532
36160
35530
35579
35708
35591
35344
35554
35614
35551
35148
34485
33442
33482
33835
33994
33551
33883
33939
34005
33239
32782
32851
32185
31654
30705
31151
32144
32133
32419
31870
32255
32308
32439
32045
32339
32163
32104
32254
31864
31682
31776
31860
31660
31148
31132
30458
30826
30505
30097
30604
31494
31520
31139
31269
31150
31348
30510
30039
29545
30002
30323
29892
29876
30573
31248
31476
31235
31260
31017
30470
30188
30405
30400
30701
31185
31458
31161
30601
30760
31373
31948
31767
32039
31701
31711
31933
31530
31602
31510
31651
31810
31795
31642
32222
32410
32635
32992
32907
32775
32889
32644
33019
32933
32682
32601
33004
33020
33011
33175
32989
33085
32829
32872
33022
32645
32191
32100
31544
31489
31148
31452
31523
31248
31373
31617
32797
33223
33105
32830
33020
33477
33607
33602
33583
34091
34392
34304
34833
35126
35807
35651
35935
36857
36550
36901
36422
36905
36939
36514
36497
36564
36726
36280
36773
36707
37047
36932
37672
37617
37591
37495
37295
37002
37457
37350
37358
37210
36658
36792
36657
36748
36982
37629
37535
37522
37129
37950
37894
37976
37535
37866
37355
37314
37763
38039
38119
38761
39045
38845
38420
38095
38176
38276
37925
37901
37366
37533
38029
38051
38079
38007
37732
37851
38325
37573
37676
37161
36857
37219
37239
37227
37535
37619
37495
37748
38194
38279
38695
38982
38805
38773
38508
38363
37942
37857
38104
37664
37763
38229
38013
37858
37508
37542
37775
37094
37064
37158
37439
37116
37792
37747
37332
37407
37794
37610
37573
37697
38025
38239
38154
38117
38536
38422
38288
37942
37864
38095
38092
38314
38669
38780
38711
38717
38505
39061
39055
38932
38711
38801
38961
38989
38932
38557
37647
37942
39058
39132
39417
39385
39305
39664
39647
39542
39214
38997
38914
38910
38857
38455
38508
38733
38358
38577
38550
38694
38755
38792
38592
38770
38688
38648
38589
38785
38920
38826
38447
38125
37950
38067
37679
38054
38145
38647
39101
39279
39192
39250
39001
38782
38794
38507
38420
38951
39148
39295
39245
39132
39027
38870
38997
39372
39289
39311
39673
39741
39714
38261
38523
37942
37852
38005
37614
37533
37795
37654
37522
38139
38095
38007
37739
37910
37826
37789
37770
38154
38447
38445
38273
38348
38251
38704
39682
39932
40483
40645
41514
41708
41726
41933
41795
41739
41810
41760
41510
41433
42044
42076
41820
41885
41635
41264
41813
41495
41548
41498
41495
41033
41161
40877
40952
41385
41383
41382
41108
41376
41376
41713
41369
41248
40738
40826
41389
41142
41226
41045
41535
41385
41270
41245
41285
40932
40651
40444
40520
40689
40402
40389
40583
40639
40957
40914
40979
41129
40991
40888
40751
40785
40350
40300
40369
40423
40050
40154
40558
39805
39450
40064
40429
40607
41239
41627
41604
41017
41026
40980
41160
40901
40845
40910
41201
41495
41252
41691
41683
41679
41585
41604
41848
41629
41645
41314
41008
41280
41636
41539
41260
41401
41141
41217
41673
41535
41729
41350
41458
41326
41348
41335
41005
40725
40904
40976
41029
40832
40226
40095
40367
40339
40404
40383
40311
40345
40894
40814
41288
41176
41383
40916
41027
41423
41461
41486
41767
41710
41754
41561
41375
41376
41092
41207
41160
41154
41751
42223
42392
42420
42508
42435
42219
42058
41888
41942
41889
41777
41773
41991
42073
42133
41819
41826
41485
41072
41160
41351
41352
41483
41402
41607
41798
41798
41707
41444
41635
41995
41957
42526
41976
41992
41992
42292
42214
41714
41744
41847
41435
41661
41679
41779
41629
41047
40757
40717
40425
40775
40266
40744
40929
40936
40960
41173
41498
41548
41567
41489
41410
41816
41848
42013
42085
41867
42275
41992
41710
41833
41757
41858
41861
42220
42286
42242
42067
41926
42285
42360
42664
42511
42758
42919
43016
43135
43077
42989
42991
43205
43530
43698
43564
43464
43373
43283
43257
43151
43542
44127
44070
44030
43902
43976
43914
43798
43882
43570
43538
43433
43451
43073
42904
43095
43104
43302
43594
43714
43683
43513
43336
43548
43610
44001
43995
43810
43866
43877
44251
44254
44720
44955
44892
44785
44532
44623
44766
44457
43391
43329
43189
43422
43523
43479
44086
44233
44338
44201
44789
44926
44733
44610
45470
45439
45632
45372
44982
45142
45136
44830
45189
45017
44888
44876
44807
45088
44777
45076
45197
45167
45029
44139
44229
44116
44273
44183
44836
44922
44866
44839
44894
44745
44510
44363
43945
43702
43354
43801
43801
43889
44019
44245
44404
44451
44326
44230
44279
44435
44479
43923
43955
44036
44032
44757
45058
44583
44800
44885
45344
45241
45019
45382
45385
45248
45005
44769
44470
44577
44538
44726
44770
44626
44742
44854
44367
44622
44592
44319
44661
44760
45185
45069
45052
44901
44583
44142
44282
44864
44810
44898
44808
45007
44922
44575
44602
44730
44717
44451
44710
44908
44823
44719
45023
44813
45014
44926
44854
44813
44867
45072
44945
45045
44895
45014
45238
45313
45604
45642
45616
45523
45976
46013
46104
46054
46189
46355
46314
46129
46133
45851
45664
45750
46172
46205
45989
46160
45942
45882
45504
45295
45620
45773
45763
46179
46152
46010
45892
46127
46133
46120
46073
45917
46030
46088
46111
46148
46682
46950
46845
46620
46607
46535
46326
46420
46429
46460
46773
46782
46910
46844
46301
45748
45957
46020
46032
46372
46264
46539
46375
46673
46480
46361
46260
45913
46102
46235
46305
46189
46179
46189
46310
46489
46642
46676
46629
46417
46392
46570
46305
46183
46333
46638
46585
46529
46732
46738
47054
47094
47057
46864
46645
46544
46689
46754
46711
46989
47526
47413
47417
47247
47491
47329
47425
47429
47498
47472
47197
47092
47320
47704
47870
48160
47961
48200
48070
46980
47176
47104
47276
46892
47017
47023
47251
47279
47033
46769
47145
47069
46426
46607
46714
46444
46480
46301
46473
46691
46588
46705
46389
46644
46739
46701
46942
47089
47105
46854
46879
46854
46435
46057
46000
45248
44554
44576
43892
44829
44804
45088
44710
44986
44757
44626
44638
44617
44245
44254
44195
44873
44763
45270
45186
44910
45091
45301
45302
45172
45138
44782
44232
44601
44148
44375
44414
44448
44936
45369
45648
45492
45320
45480
45633
45705
45732
45650
45763
45764
46013
45888
45820
45705
45785
45867
45910
46236
46060
46192
45845
45548
45133
45308
44963
44279
44730
44607
44763
44426
44620
44636
44613
44838
44954
44805
44795
44873
45341
45416
45522
45385
45160
45260
45310
45425
45335
45257
45423
45826
46101
46055
46145
45839
45708
45789
45792
46029
45888
46194
46123
46501
46517
46317
46367
46232
46451
46902
46807
47379
47458
47607
47548
47317
47098
47185
47098
47314
46817
46620
46751
46879
47480
47119
47085
46335
46145
46126
45967
46082
46204
46483
46223
46270
46173
45458
45351
45235
45510
45904
46579
46547
46779
46910
46895
46766
47027
46685
46489
46082
46152
46261
46585
47376
47235
46842
46651
46791
46227
46307
46564
46539
46436
46235
46604
46502
46561
46357
46147
45829
45008
44992
45229
45416
45517
45369
44892
45329
45332
45310
45123
44545
44695
44947
45014
45497
45533
45879
45791
45710
45960
45967
45982
46247
46085
46117
45926
45910
46070
46033
46067
46082
46167
46166
46164
46597
46938
47004
46970
46695
46477
46582
46585
46744
46832
47039
46851
47042
47039
47279
47864
48114
48080
48119
48019
48145
48164
48254
48454
48522
48197
48272
48507
48691
48810
48380
48739
48564
48513
48542
48563
48211
48314
48316
48957
49004
49289
49188
49541
49551
49614
49507
49567
49595
50097
50320
50389
50311
50222
50070
50185
50523
50557
50607
50642
50701
50552
50717
50923
50613
50536
50492
50529
50848
51289
51209
51265
51354
51471
51426
51485
52047
52053
52011
52396
52355
52435
52436
52554
52773
52819
52707
51958
51919
52365
52859
52860
52859
52365
52358
53340
53348
53251
53559
53554
53313
53234
52794
53088
53604
53646
53711
53983
54521
54497
54397
55107
54971
54413
54242
54472
54386
54475
54709
54726
55398
55636
55719
55478
56089
56100
55989
56271
55846
55097
55353
55361
55663
56109
56160
56521
56292
56205
55964
55879
55875
55894
56003
56039
55971
55745
55510
55973
55857
55996
55903
55921
55810
55952
55714
55746
56009
55904
56000
56091
56188
56384
56916
57016
57028
57267
57390
57651
57877
58360
58334
58277
58420
58677
58300
58172
58180
58140
58103
58586
58440
58171
58234
58146
58263
58248
57836
57752
57946
58309
58450
58303
58678
58744
59065
58746
58505
58653
58246
57671
57970
58325
58150
58421
58971
59057
58846
58632
59171
59326
59271
59229
58928
59396
59734
60007
59684
60023
59840
59996
60132
60645
60764
60536
60697
61367
61767
62017
61616
61747
61952
61878
62169
61691
61634
60680
61192
60594
61048
61195
61429
61453
61411
61592
62072
62132
61770
61671
61846
60945
59847
60269
60180
59982
60844
60636
60823
61183
61340
61278
61996
61703
62161
62421
63015
63602
63846
63584
64142
64633
64992
65607
65636
66145
66051
65558
65132
64797
64065
64809
65885
65908
65046
64723
64475
64042
64436
65080
65578
65200
65365
63350
64002
63709
63854
64086
64142
65265
65169
64997
64919
65061
65003
65296
64890
64894
64550
65372
65526
65588
65585
64423
64219
63350
63117
63671
64248
64500
64160
64360
64507
64789
65158
65016
65286
65346
65415
65416
65458
64338
64163
64080
63826
64477
64544
65209
66151
66559
66541
66484
66890
67315
67276
67841
67600
67851
67222
66792
67170
66911
66767
67255
67844
67303
67330
67215
67096
66903
66791
66584
66515
66205
66196
66209
66684
66884
66847
66439
66854
67063
67588
67360
67240
65744
65253
65475
65605
64566
64619
62979
62836
63407
64355
63872
63377
62686
62665
63116
63590
63090
63526
63995
65002
66248
66022
66238
66415
66259
66209
66577
66020
66204
66228
66521
66658
66569
66507
67067
66703
66388
66640
66480
65740
65198
65471
65560
64944
65567
66376
66380
66728
67115
68053
68397
68294
68146
68300
68703
68647
68560
68583
68585
68619
68733
68908
69401
69278
70146
70334
70064
69673
69460
70065
70353
70257
70440
70698
71082
70984
70657
70727
70228
70091
69726
70150
70090
70527
70377
70672
71414
72459
72765
73082
73186
72955
73113
73588
73761
73702
74215
74395
74275
74872
75703
75596
75500
75702
75655
74828
74509
74438
73959
74976
74753
74072
72929
72864
72097
72603
73153
74576
74886
74691
75103
75582
75678
75384
74073
73701
74803
74765
75322
74840
75484
75950
75951
76885
76720
76975
77616
77670
78271
78622
77755
77052
76502
76502
77250
78416
78615
78672
78926
77828
78015
78955
78542
78959
80277
81182
80847
81628
81248
80279
80177
81028
81203
80567
79507
79082
79530
79095
80198
79855
80496
81365
81134
80426
78955
79316
79571
78965
78577
78265
78409
79089
78907
79050
77388
75711
75964
75010
75032
75790
76213
76611
76059
75834
73765
74372
75471
76353
76177
76634
76036
77460
77364
77117
76536
77296
79404
80134
79853
81296
83028
82776
81561
82026
82478
83765
83313
83603
84188
82975
83327
84165
83934
83565
84703
84971
84721
84408
84828
84635
84547
84010
84342
85801
86290
86527
86957
88346
89327
89390
89441
88905
89798
89870
87861
89634
88898
88367
88729
88514
89103
90403
91691
91220
91875
90753
91378
91667
91838
92576
93659
93160
91529
91294
93397
93655
94029
93878
93645
94228
95228
95430
94714
95029
95236
96032
95119
93353
93700
92653
92202
92477
90080
91248
92601
93934
92504
92353
92015
91302
91370
90366
89946
92758
92785
93086
92904
93120
93361
91903
91259
92390
91977
94564
94300
94728
95051
95542
95192
94447
93790
94521
95334
94728
95540
96046
96503
97269
98311
97384
97061
96697
96809
97028
96571
95525
94415
95560
97228
96848
95069
94164
87698
92184
91915
90367
91461
93898
94076
94276
93803
92751
92113
92378
90596
91665
92834
94620
93822
94459
95897
96309
94666
95082
95164
95540
97477
97167
97677
97309
98378
98236
97578
96978
95494
95339
96339
96803
96553
95529
94678
95370
93913
93270
93646
95334
97084
97042
97503
97707
96658
96400
95604
92769
93921
95211
95794
95072
96151
97859
97080
96303
95759
95695
96902
97746
98548
98028
100127
100600
100690
100353
101246
101073
101901
102001
102414
102009
102276
103207
102828
103420
103814
103056
104290
104867
104933
104769
105202
104732
103505
105568
105231
106425
106846
106992
106860
107927
108044
108552
108973
109916
109555
110565
110193
110080
109543
109359
110175
110815
112001
112269
112138
110955
110165
111067
110968
111575
111931
110817
112271
112365
112667
113054
111957
110790
108654
108510
109461
111175
112100
112206
111550
110492
109514
110814
110664
111579
111885
111736
110872
110581
110952
111906
111464
111046
109402
109222
109759
109081
109097
109321
108272
109482
111385
111571
111841
111228
109457
109883
107701
108758
110710
110636
110065
110320
111948
113288
112928
113319
113848
113383
114856
114642
115732
115466
116638
115856
116432
116518
117757
117481
118398
118675
118409
116506
116407
113975
114080
114727
113023
112520
114294
112067
111243
107211
108143
108963
108944
108314
106897
108421
107491
106275
108367
110119
109806
109159
108123
108814
109284
108418
104258
102714
95728
99426
99047
98226
97389
102346
100620
98019
100905
102971
103768
104547
101886
102009
102389
102963
106608
104271
104475
104868
104902
101701
98639
100259
98855
98459
97067
95944
98439
99771
99479
100553
104748
105642
106239
106393
106992
107847
107067
107231
106533
106808
108593
109867
111159
111083
111867
113384
114101
113019
112826
112096
111768
112571
113586
113931
114447
115260
116355
118820
118298
118686
119232
116363
117528
117125
115014
117673
118769
118138
118348
116502
116645
114119
116282
116193
117997
118803
120283
120356
122854
122627
122548
124181
123193
122922
122809
124478
127233
126972
127508
126388
123951
123440
121218
124326
125200
125661
123516
122518
123397
125231
124317
126536
127964
127300
126198
127206
124848
123940
124377
121614
122355
125404
123013
124186
122403
123728
123921
127214
127118
125341
124502
123832
123616
122550
122769
124664
127546
128272
127983
128683
129768
129458
130726
130638
129781
131655
129929
129701
126214
126858
128998
128280
131017
130075
128636
129371
132111
131789
132689
134397
134834
135863
134981
132843
132284
131900
128947
130617
133611
135881
135684
136004
136280
135091
134282
133518
135463
133200
134731
133205
134500
134030
135560
136400
136756
133780
133948
133331
134422
133882
133029
130665
128440
130476
128141
130183
129426
129481
129954
132775
133452
131732
131864
130281
129364
129400
130116
133041
133990
134283
134900
133588
133306
131578
131531
133134
135144
137270
138095
139121
138811
139585
139442
140328
139909
139356
139817
140961
141878
140765
137709
137929
136096
135693
134776
136283
136540
134103
132871
132805
132218
130532
131370
130029
129780
128143
130193
129816
132768
133077
134416
133283
132358
133660
136021
136350
138179
136201
134827
132402
132041
133106
131910
135723
135044
134415
134766
135166
134413
133629
131796
131847
133542
133553
130757
131051
128041
127735
128331
128219
126836
128270
128281
130459
130134
132540
131764
133602
133520
131304
128555
128342
124741
125413
126131
128943
128360
130165
129363
128191
129670
134243
136293
135411
134773
135493
136264
137022
137701
136528
137345
138145
139606
139439
142006
141070
142493
142200
142093
140464
141707
141661
140782
138891
139771
140904
143330
142332
140917
140388
140810
141704
141521
140317
141332
141878
142103
141808
143343
143613
145833
145709
145766
146345
146446
146925
145521
139942
140210
140344
144146
145759
143856
143225
144968
146515
145514
145590
144556
144135
140153
141003
140408
139856
136016
139445
140928
140911
142496
142436
142423
144171
141170
141682
138711
138993
140205
138767
138826
134608
135217
136068
135343
133335
134805
136642
137918
138176
140917
139128
135561
136669
140168
139506
138361
135915
139214
145846
146446
145663
149386
150064
152734
152745
152385
150772
150852
148792
149857
150596
149472
148736
150133
151634
150445
150058
146717
144051
135656
140143
144160
142746
143454
142985
147743
146098
146492
145243
146825
144629
141509
140956
143263
142417
141214
138305
140781
142095
145235
146604
144780
143720
140694
140071
137385
139905
138152
137802
142244
142059
144881
147726
146763
145783
147135
146167
145694
144600
146943
147054
147872
146445
148600
147594
147913
145218
144147
145531
145055
145481
144239
145459
146954
144622
145667
147890
147561
148088
149292
149583
150997
151048
149373
148195
149556
148018
146429
147446
145242
144961
141989
143082
143809
143869
145256
146293
147931
148280
147286
146025
147183
149156
148443
147984
149606
149171
149947
149813
150596
150831
150644
151408
150983
150258
151768
152077
150707
149225
150251
149450
148926
148198
148491
148086
146581
144451
145990
145133
144905
144871
143903
142720
142656
145829
143651
143622
142645
143431
143628
140898
140203
138702
136458
132978
137417
137461
134996
134213
138876
139693
139578
139813
136490
136443
137957
139866
142940
142121
142831
142668
143218
143186
140928
140014
136597
135126
138294
138981
137231
136771
134261
134734
132235
134177
134896
133608
134193
131494
131522
132496
137654
135145
134355
136989
138019
137118
135998
134093
131215
132273
130559
126473
127485
130594
131518
132892
133421
132028
128327
134756
133333
129834
129585
130080
131327
132681
131855
132665
132946
134796
134254
134290
136040
136430
135751
135494
136417
137372
136601
137346
134946
135431
135226
134089
133253
131476
133031
131880
131592
132660
130153
127893
125527
125281
124585
126765
125793
123993
124122
123418
124141
125380
126189
126473
123342
118016
119766
116670
117356
115053
117081
114261
112214
111757
113982
115268
118217
115329
114794
116032
114586
110645
110325
115143
112843
113758
116838
116589
118350
117968
119181
123816
125368
124297
122435
120946
122875
123452
125305
124945
126643
126743
124857
126660
126351
126119
125554
125518
124567
124892
124943
128498
128848
129195
131282
130938
128905
129317
127789
126793
124807
125581
126067
126710
128356
127003
127695
126495
125439
125584
124159
121986
121435
120843
121257
122314
123704
122534
121859
121676
121106
122619
122438
123671
123444
121923
119058
119878
118152
118018
120814
121568
120244
121443
120770
121502
121084
119103
117165
119048
120293
120581
120452
121122
121593
122075
121434
120047
120440
118353
118343
119016
119129
118672
117802
118166
116196
117141
115726
116531
116208
118493
117920
116151
114856
112903
113357
113293
113173
110640
108578
109254
103877
103273
101609
98453
96579
100345
101227
100703
101860
104093
103855
105132
107228
106963
107138
106243
105675
108098
109743
109165
108997
109754
107708
106860
107347
108990
108478
108519
110008
110460
107830
105979
105978
108409
108719
110283
111885
111580
111854
112031
111832
113908
114120
114223
113865
115106
114266
113703
115033
115742
114950
112852
114019
113944
112990
114480
117034
116709
115831
113993
113676
113706
111938
112308
113435
114292
114956
113993
114489
114465
114936
115713
116102
114807
115467
116527
117251
116489
116070
115514
115655
114559
113841
114618
112756
113888
112757
111931
112818
113215
113328
113306
110064
111356
113019
112219
109443
109002
108351
108017
109621
111193
110750
111851
111647
110418
108333
109797
108094
108983
110943
110938
110989
110672
113178
115383
114614
116277
115754
116431
116826
116557
115408
115304
116616
116555
117029
115184
115358
114869
113186
113848
114457
114739
114654
113676
112540
112633
112272
112529
111780
113046
110368
111101
110255
112836
112606
112446
112517
110782
110095
109314
109147
107631
106544
107692
108645
108456
107343
105267
104948
108884
107301
105498
107456
109728
109106
109822
110658
109188
107988
108602
109707
108381
107455
106766
106466
106714
104068
104068
104990
102915
102753
103073
101359
102026
100955
100727
103617
103714
101998
100628
98914
99271
97614
97353
99064
98982
96865
94809
95398
98903
97697
95283
92046
92736
92139
91792
90094
90603
88155
84775
81984
79770
84342
83867
85284
89896
90278
91161
88465
86423
83459
85957
87677
90546
90864
90379
88421
91961
93025
92877
95070
93742
94935
96270
94085
94795
93482
91786
91779
91607
87802
89340
87915
89391
90296
90958
90945
88690
88980
89109
87352
86946
84332
84539
83370
81928
83965
85495
82736
81528
84790
82790
81895
80058
78528
79854
77676
80391
83532
84144
88127
86002
87920
88439
89971
89015
89614
88250
89765
89022
88215
89071
88576
90096
90834
91539
92376
90265
89473
87619
88295
88253
90427
90983
90035
89673
91415
93376
93054
93286
91330
93886
93630
93453
92075
91758
90654
91222
89200
90445
90496
90158
88947
91040
90298
89111
88425
89576
89738
89246
88965
87540
87939
87982
90903
90859
92901
92292
90992
92757
92757
92626
93165
91821
91459
90178
88761
87835
88734
86140
84747
85853
86435
84460
85570
86032
84820
84359
83815
82969
83596
82920
81867
81736
83489
85116
84513
83709
84816
83258
83857
82754
83728
84115
83480
82198
82984
82209
82889
80747
80072
80419
83190
83327
86278
86645
87402
87566
89578
86422
87473
86995
86852
86350
84817
85847
88090
87645
87884
87992
87828
86598
87158
86829
88522
89080
87990
89358
89201
91136
91902
91142
89880
91484
91784
91691
91629
93008
92654
93439
92961
92027
93340
94510
94229
93928
94666
94429
92077
91972
92341
93186
93321
95147
95321
94964
96359
96700
97155
98623
99014
98776
97592
98484
99747
99851
98860
101073
101165
101009
99470
99569
98164
98345
97532
98582
97621
97450
98232
99375
98570
100441
100784
100221
98870
99814
100385
100041
99409
98172
99332
97879
98810
98860
98159
99867
99652
98928
98748
99030
98015
98282
96546
96708
97411
97759
98059
99034
98403
99051
99066
99973
100234
100029
100327
99305
99371
99672
99678
100284
100801
102198
102627
102796
102139
103164
102316
101091
101641
101863
101480
102931
102596
103957
103630
102282
102903
100938
100327
99684
100658
99596
101821
102023
102984
103434
103925
103378
103872
103806
104534
104947
104676
105006
103931
104468
104603
103035
103377
102891
103113
104679
104810
104693
105070
105902
105325
105181
105805
105320
104710
104656
105853
105841
105034
104363
103415
104243
103365
103528
105207
105389
105844
105819
107011
106661
106472
106971
106150
106930
106018
105905
107120
107414
106804
107513
107647
108918
108866
109293
109602
109404
109589
110947
110964
111192
110847
112221
112367
112632
113192
112185
112722
112121
113052
113205
113982
113877
114761
114393
114155
115536
114405
112847
113410
113113
113526
113603
112652
112858
114276
113981
114554
115776
115210
114581
115698
115181
114706
114410
114098
113908
114367
114491
114493
115596
114909
115103
115486
115685
114719
114057
112389
110678
112056
110448
111069
112375
112231
110978
109540
109394
109132
110918
110806
112246
112700
112620
113217
114181
115056
114816
114053
113931
114519
112943
112817
112883
113460
113581
111815
112408
113993
114059
113553
113810
112241
111389
110730
111748
111955
112153
111398
109869
108711
109544
109728
109643
109569
108409
109148
108868
108918
109356
109541
111305
111493
112128
112068
112119
112498
111664
112250
114042
114218
113132
113646
112529
113201
113356
113205
113502
113030
113441
114406
114065
113443
113334
113619
114083
112893
112538
111620
111832
110910
111281
111434
111514
111146
110668
110139
110090
110867
109388
109683
108619
108406
109482
109542
110043
110171
110661
109968
109863
108069
106396
106521
107904
107579
106322
106480
107933
108170
109517
109122
109834
109568
109618
110495
110508
110777
109915
110423
110591
111831
111363
112130
111627
111838
112392
112581
112832
112036
112350
112855
112219
112930
111356
110835
111010
110352
111006
111480
111457
113150
113517
113447
114205
113065
112214
112439
112183
111365
110329
110819
111402
110322
110366
110648
109573
109480
111108
112540
112743
113019
113051
113056
114319
116167
116617
116489
116407
116291
117347
118417
118381
117543
118193
118355
117033
117723
117693
118176
118265
117856
117381
119136
119032
119117
119025
117706
118281
118923
118800
119868
120338
120571
120320
119419
119465
120544
120956
121013
120492
121354
121344
121355
121192
120207
118805
118373
118789
118618
119025
118298
118769
117744
118452
119597
118463
117541
116786
116375
116841
117406
117455
117135
118127
118941
119318
118989
120303
120171
120230
119198
119701
120530
120614
121011
121033
120075
120158
118416
119080
120019
121136
120359
121041
121007
121046
122211
122531
121943
120701
120925
120007
120682
119775
118806
119020
118965
118378
117170
117253
117142
117428
116535
118141
118058
117292
117611
118139
118406
119114
118119
118120
118776
117379
116205
114261
114597
115278
113750
115994
115211
116209
115182
115638
114321
115684
116216
116117
117565
117263
117134
117883
116621
117110
115935
115405
116568
117380
118556
119107
118928
119385
119406
119001
119761
119878
119150
120221
120429
119602
119751
119726
119467
120093
119810
120081
120391
120657
121095
121695
121609
121360
121388
120072
119156
119068
120156
119984
119132
119443
120498
119493
119786
121185
121943
122220
122329
122650
122792
122113
122934
123519
122704
123368
122903
123116
123679
124371
123418
123534
124411
124504
123585
122642
122313
123138
122913
123781
123039
123386
121933
122023
121902
121970
122172
121758
120958
121236
120509
121228
120841
122032
122158
121802
123339
123635
123167
124147
124056
123119
122716
122772
123791
123102
122133
121019
121461
121529
121563
121566
121689
122768
122881
122669
121446
119639
119148
119590
118732
118486
117768
117683
118656
119009
117814
119576
117780
117958
119938
119654
119138
117890
119841
120701
120276
121476
121993
122014
122281
121858
122065
123095
123471
123376
122901
123120
124280
124827
125484
126122
126560
126825
125745
125747
124947
126467
126507
126208
126369
125736
125583
125936
126043
126743
127273
127093
126731
125992
125961
126279
126811
126866
125654
125817
125442
124829
126880
127345
127347
128544
129015
128968
129418
128606
128760
128293
127793
128504
126148
126381
126685
126468
127382
128371
128518
128007
128245
127083
126403
126502
125478
126565
126378
126698
126285
127553
128000
128938
128723
128303
129267
128779
128943
129411
128066
129123
128914
128722
127826
127588
127846
127222
128142
128413
129747
130302
130532
130725
130507
129722
130504
130167
130294
130160
129322
130289
130025
129486
129781
130593
131156
130904
129550
129661
128656
128811
128911
128532
130728
130993
131145
131128
130810
130173
130541
130971
131060
130518
131320
130811
131225
132576
132466
132514
132284
130592
129123
129450
129207
127031
126181
126703
126206
125657
125856
127288
128016
125986
127008
128570
128821
126529
126384
125615
125793
125230
123743
122368
123004
125616
125154
124013
124011
125219
124559
124450
125056
123919
124600
127286
127019
128018
127091
127407
126547
126733
127243
125859
124228
123619
123448
123685
125981
124913
124029
126091
126888
126840
126319
127855
127666
127092
127741
128027
127935
127577
127147
126594
127181
126673
126820
128557
129543
129747
130230
129752
129881
129298
129606
129508
130178
130428
130536
130381
131101
131325
130026
129402
129892
129954
131300
131806
131628
131966
132118
131764
132518
131803
131478
132636
133634
133658
133888
133584
133131
133410
135019
135321
134958
135066
135342
134994
136282
136561
136906
136405
136580
136695
136859
137702
137738
138221
138907
137733
137793
137793
136781
136733
136430
137978
138283
138571
137832
138090
138442
139321
139656
139976
140119
140050
140281
140608
140094
138195
138671
139947
140063
139670
140911
141476
141290
140729
140983
141304
141156
141320
142548
142708
142247
142555
142353
141830
141076
141690
142683
142472
141830
141659
141833
140970
141283
141210
141484
142381
143072
143190
143061
142636
143050
142294
142798
144013
142390
142218
142061
142881
143823
144593
144839
144698
144800
145002
144831
143806
143336
144426
145530
145681
145554
145968
145763
145638
145118
144936
139904
140681
140317
138717
137411
139541
139196
140189
140283
140659
137794
138717
139228
138694
140206
141093
143504
143454
143610
143750
142860
141722
142253
142085
142455
143777
143936
144376
144460
144839
143886
144780
145284
146832
147147
147250
147072
148434
148093
148041
149542
149425
149406
148236
148630
149592
150239
150561
150947
150771
151257
149146
150584
150315
150118
151414
151275
152275
152509
152411
152228
150751
151572
151810
153022
153061
153633
153918
153094
151738
149071
150767
150911
149300
151567
152296
153291
153105
153369
151283
152218
150256
149773
149289
150633
150570
150334
151943
152486
152540
153043
153184
151011
151876
154769
155250
154952
154936
154617
155307
153409
154156
151104
151808
148266
145894
147391
145527
146581
147219
143306
146767
147670
149748
145308
145364
145292
142654
140669
141127
144593
144555
144711
146406
146250
147936
146679
143235
146376
145764
147398
148942
147229
147855
145355
145169
147148
147156
148394
148425
147665
151978
152903
151875
152575
151772
151720
152542
153138
152675
154704
154663
153958
154283
155758
155257
156515
156246
155441
156180
154870
153853
154123
154007
150063
150632
151958
151588
151440
153528
154097
153102
154938
150843
150965
150217
152027
147561
147477
145369
143918
148105
147057
145115
145873
143327
143969
141677
144069
140721
142822
146902
146971
148114
147242
146279
148501
150733
150466
151595
147765
148658
148841
146794
144590
145497
145300
146011
148445
149644
149766
147627
147848
146835
144716
144716
141163
141618
139018
140913
142032
140102
141625
138094
137319
133325
132518
131050
133859
135206
133060
135395
136230
135581
137855
139542
138081
133664
132644
133691
133129
133913
134885
136720
134885
134998
134878
136003
134253
135310
137180
138129
138002
136768
133063
133133
132675
133369
130433
129336
127336
132065
130877
131547
128814
127659
133073
129842
132951
134988
135298
134113
132576
131521
132269
137018
136753
136931
137040
137254
136554
135448
136055
133282
132831
133443
136470
136556
139032
138817
137593
137993
138881
139783
139636
139093
138558
140933
141390
140748
141826
139256
139768
138828
140357
140304
140866
142356
142534
142663
141340
139070
139434
137593
138534
139083
139826
140038
138567
137765
137719
140405
136068
136176
135843
133548
133986
136003
136014
135093
133781
134282
131793
131800
131429
132196
128315
127838
128000
128491
126152
126290
125231
127369
124468
125339
123948
122830
121491
124535
126031
126068
126000
127700
128218
125254
125776
123436
126319
128426
126738
126031
124901
128488
128918
126606
129631
130531
128958
128582
129293
129819
127859
126668
127454
127771
129219
126683
127151
128166
130068
128282
127757
127497
123682
124231
126779
122451
123204
124905
125169
119269
121359
115639
120651
125507
120708
118821
118586
120918
121327
110642
116635
116106
111428
109922
105689
99622
98494
90991
89921
100334
99801
90784
94642
94054
98540
95504
89678
90810
87677
84891
94051
93009
95409
96875
96629
100575
95277
90488
93098
91921
89895
85229
91128
87328
85075
85911
80658
75244
80003
85180
85739
88767
89623
81621
84880
87073
84521
87607
90970
88866
89923
87359
87972
86857
91317
90441
88528
88788
87163
86315
86815
87279
86941
89064
90325
93179
92745
93470
90665
90972
89034
87026
87178
84261
84373
85011
80521
84023
82750
83195
83657
84571
87409
84514
82588
82544
83851
83222
84584
86859
86989
82715
83373
83519
82684
78916
78841
77894
77004
74333
77314
76490
75283
73509
70082
69633
71286
68254
68338
67653
71959
72135
75073
75654
75389
77811
79434
78403
76853
82291
80611
81388
83285
81594
78753
79786
81108
83438
84250
83547
81554
82515
85655
85872
84150
85205
86529
86959
83239
85008
84354
85191
86622
85751
85515
87364
87280
87752
90723
90379
91953
90739
92922
90923
90834
88391
89307
88288
90971
90813
90346
88833
88700
91033
89305
90683
91914
94286
94473
93176
94246
94009
93914
94242
93915
94489
94621
92371
91196
91071
91836
92122
89303
89509
90094
92026
91890
92722
91932
92333
89641
89871
88103
87955
88267
87913
90104
90584
93267
94073
94038
95113
95458
95407
97628
97926
98217
97961
97515
98675
98747
100263
100565
100271
99708
101047
100709
99434
100580
101272
100409
97972
98966
99646
100736
102613
102556
102800
102811
103097
102893
102061
99803
99475
100323
101640
102539
103336
104414
104272
104933
105263
106876
106548
106830
106466
107166
106086
105078
104438
106297
106060
105707
102984
102520
104045
105471
105757
106547
107148
107618
107318
109202
109656
108768
109791
109106
108140
109291
107959
106694
106341
104263
106610
103618
104288
104541
104650
106663
106930
109307
109301
109851
108723
109347
110930
111031
110980
109490
109138
110623
110565
111063
109148
109563
110885
110923
109992
110597
110325
109193
109594
110234
110641
111410
110793
110918
109607
110246
111405
111802
112058
112647
112778
112619
112642
111509
113298
113652
113714
114168
114497
114697
113621
114568
114845
113603
115022
113804
111647
109176
109678
109217
109750
108453
107386
108918
110331
109728
106310
106618
105673
107052
106813
107846
107551
109486
109951
110675
110917
110801
109459
110523
110293
110448
111570
111831
111879
112296
113869
113850
114044
114560
115023
114998
115051
115945
116620
116582
115990
116581
117417
116771
116572
116658
117321
117327
116943
117809
118743
118943
118244
118643
119436
119647
119730
121065
121167
119213
119752
120717
120593
120867
121728
121205
118370
119135
120678
118668
120226
117359
116586
112815
111088
115972
115579
117167
115743
113568
113693
112080
111505
107158
108768
107365
107403
106794
110306
108941
107070
109838
110282
106488
105046
106200
105568
108683
109159
108963
111522
111460
111604
111751
111319
109531
109204
107368
107676
107456
104123
103070
102736
102258
102806
106027
107025
107795
107875
109533
109517
109647
106488
107125
108347
106958
109367
110266
111501
111383
110613
110153
110159
112585
112045
112723
112581
112164
112779
112106
108946
108360
107925
107938
109254
109416
107563
107168
106735
105186
105532
104721
106458
104892
104932
108029
109009
110451
109183
109886
110418
110955
112190
112109
112506
112466
112558
114270
113978
113428
112482
114867
114216
114769
114472
114119
114623
113703
116075
115996
115806
116515
116531
116977
117809
117381
117618
118470
116590
117817
118026
118307
118561
118564
118244
118378
118326
118438
119356
119795
122106
122584
122325
121340
121870
121354
119920
119775
117833
117858
119668
119972
119783
118072
119834
118940
118776
118055
120606
122153
122470
122311
122375
122828
123300
124040
124045
124158
123522
124286
124391
124707
125459
125883
125677
125754
125851
125978
125788
125764
127186
127019
127656
127384
127150
126975
127447
128595
128376
129323
129502
128192
128026
128334
129083
129118
129663
129954
127633
128611
130758
130403
130709
131086
131905
132456
132088
132186
132915
133231
132801
133631
134043
134301
131543
130740
130609
131988
132721
130632
130843
133096
132115
131013
132181
132002
129510
130428
129639
128186
125688
127371
127920
129838
129377
129754
130966
131380
131018
131943
132826
132582
133241
133286
133263
133554
133351
132817
132445
131416
131441
131452
131968
130514
131261
133035
133738
133525
134723
135566
136047
136360
136121
135661
134731
133509
134019
134629
135716
134207
134865
133777
132946
132897
134068
134359
133327
131736
131628
132046
132568
133109
134519
131455
131293
130016
128617
128493
127956
128900
127097
127182
128786
126542
126764
127150
127835
129552
128714
128350
126844
128009
129667
130741
132064
133967
133788
133921
135321
134380
131948
131364
131771
130886
131614
130543
132672
132583
134380
134502
133743
133193
130489
130067
129228
128693
125405
126033
120006
119938
111945
117253
112076
117264
117881
120448
119276
119389
114065
112353
112381
116234
117759
115927
117680
121007
121292
121889
120442
117396
116523
119861
118590
115422
116227
117286
118868
120910
121601
120408
120208
116676
112956
113643
116294
117538
115106
116040
113142
109922
112394
114403
116496
115545
119489
119554
120725
120366
122457
120085
122538
120988
121539
123825
125418
122905
124200
128458
128508
125330
121828
123790
126115
125322
126111
127592
122909
123969
126384
125178
125781
123691
121613
121565
119297
118804
116179
115867
119255
119518
124695
124457
124428
125707
125846
126101
123434
125518
123646
122572
121181
121575
121966
120534
124130
124371
125400
126532
126543
124964
126302
125759
127706
127730
128106
127781
128069
129207
129247
129550
128908
129367
130804
131450
131538
131600
131465
132606
131843
131632
131301
131241
132408
132554
134490
134432
134705
134995
135194
134264
135177
135050
134322
135804
136122
136220
135766
136345
136573
136758
137218
136568
137408
136963
136432
134335
135263
136591
137086
137108
139594
139428
140259
140417
140975
140552
140289
139278
139710
141651
141252
140554
140328
140846
141904
141338
139895
139807
138219
135858
136870
138756
137026
136956
139078
138514
137692
137853
136693
137196
139068
139997
140335
139791
140581
140231
139156
136909
136957
136371
135457
135798
135339
133834
133066
132480
130485
129521
131598
131663
131885
132068
131781
133242
131331
131032
127804
127818
128550
131513
131498
132566
130893
132418
131488
132909
134283
134478
135797
135568
132551
133502
131371
131998
133184
132904
136216
136551
137402
136757
135468
135245
134146
134144
133476
135678
135364
136367
137278
137651
136266
135052
133831
133789
136002
138596
138530
137931
137531
136500
139098
139422
140134
140221
140280
140586
140410
140393
140553
141551
141816
141813
141317
141348
140207
141113
141043
140930
141048
139947
140657
140493
140343
143211
143792
142907
143356
143656
145998
146577
146118
145931
146105
146026
146015
145689
144158
143331
144715
144067
144448
144575
145098
146140
146093
145588
144147
143256
143283
142858
144013
145492
146091
145733
143318
143381
141310
140875
141296
141193
141216
142758
141419
141726
142839
139453
137751
137984
138003
137453
135548
135332
135988
138689
138781
139103
140915
140629
139893
140993
141594
141618
140945
140705
140928
141393
141806
141855
142783
142847
141944
141357
143035
144679
143581
144368
143015
142666
141982
141809
140243
142618
146242
145936
146646
146189
145715
146102
147211
147205
147068
147233
147263
148093
148597
149256
149481
149481
150295
150018
150783
150195
149810
151317
149570
151129
151211
150939
151793
151701
151943
152032
152138
151979
153093
151194
150242
151559
148784
149693
151598
151468
151819
152519
153979
154145
154426
155118
155621
155247
155452
156322
156069
155209
154833
155870
154580
155689
155168
156377
156284
156918
156217
157025
155368
155997
155328
156306
156860
158772
159336
158884
155235
157456
155201
154160
155525
156250
157878
157879
158516
158223
159360
159756
158269
159758
161442
161750
162595
163268
162667
163369
163377
165033
165878
165046
166746
166629
166916
165534
165051
164959
166006
164835
165441
163073
164042
163138
160890
162256
164338
164281
162613
161252
163635
162672
163904
165181
162893
158818
159243
157308
158803
160326
161319
160628
161495
161407
161541
163189
164045
165231
165261
167502
168018
168250
167626
168091
168936
169208
169553
169239
168593
169025
169165
168532
168595
168572
170686
170967
170714
169736
169091
169747
169142
168946
169416
168539
166131
165582
164606
165234
164280
165695
166350
165678
163047
163495
163817
163296
163977
165307
165507
165517
167170
168398
168913
168342
168798
169759
170476
172552
172233
170991
170183
169742
169277
169867
169175
168155
169500
169386
167866
169050
167611
165544
165640
169256
170319
171014
169806
172154
173315
174450
174466
175467
174638
175206
175977
176210
177194
176331
175654
176164
176793
176296
177048
174715
177060
177189
176768
178200
179061
179818
179153
178786
178136
179584
180476
180247
180275
180722
180581
180090
179515
179281
178503
180508
180836
180261
178221
177550
177531
178654
178100
181065
180959
181831
182798
183331
184202
184140
184106
184835
183197
183136
182677
183788
183748
183813
184236
181919
183888
184838
184589
183869
184380
184485
182845
179029
178156
179250
177419
179418
178258
174189
175519
175164
177343
179702
179983
181975
181926
182982
183863
184076
182875
183978
183625
184760
184511
184516
185429
185944
184572
187391
187381
187703
187804
187717
186763
186819
184633
184113
185882
187225
186077
187201
186652
185743
186561
185256
184904
185761
187233
188552
189090
188877
186508
184504
185195
187218
183307
181568
183060
184297
186231
186484
187189
187955
187539
187860
186340
186943
187832
188394
188368
188114
188466
186771
187820
187563
187847
189665
189744
188853
187084
187785
188507
187282
188803
189248
190053
191191
190978
192003
192356
192496
192423
192788
194045
194943
195127
195079
194389
193010
193616
193778
194198
195697
195947
196286
196260
194997
195953
195721
196095
196022
197331
197461
198543
197765
196370
197282
196468
196756
197709
197328
198156
195811
197821
197363
198353
198701
198797
197833
197891
196994
197006
193067
192515
193898
192020
192023
190956
193158
193692
193375
194671
195518
195506
197173
198159
198651
199236
198840
199792
200002
200011
199673
200336
200228
200071
199765
200770
200154
198843
199568
199744
198554
198413
199897
200156
201135
201040
199429
198277
199830
196598
198284
197780
197229
194616
194617
196790
196481
193509
196889
192820
190613
187473
187769
186248
186276
188676
190401
194128
192710
195081
196457
196163
198505
198230
199465
201805
201781
201209
202356
203120
203192
203826
203968
203825
203932
203981
204131
205180
204871
205275
206350
206940
206703
207283
206756
205343
206655
207433
207191
207537
206031
205982
202614
203532
200232
198963
197273
201289
206122
207064
207854
208216
208187
208877
209057
208035
205889
205819
202057
200260
202590
206213
204481
202826
202303
201127
199267
201942
202255
203211
206314
205182
205709
202955
200216
202125
199498
202084
205003
204151
206252
205546
204673
206859
206853
208847
209698
210034
209967
209744
211030
210965
211547
211386
211073
210450
211738
210778
209853
210104
207126
207942
204416
204023
206594
205339
208118
207428
209950
208927
210810
210441
209150
206105
205614
206102
208623
206788
205968
206695
208062
207633
208189
209117
210206
209242
209584
210662
210498
208117
210039
209729
210795
211292
211768
210891
211476
210685
208551
210829
211448
208945
208014
208800
211610
210533
209912
209847
212110
212272
212919
212783
212585
213082
212606
210419
212347
212079
210738
211172
210960
211407
209584
209283
207928
208014
210519
210886
209411
208442
209629
210043
212123
210998
212285
212419
210858
210231
210148
205763
206311
207741
207678
206876
208134
204668
205131
207662
209960
210894
210739
212429
212663
212828
211920
211414
210214
207964
206763
209325
210857
210862
210384
209804
209332
209984
208356
207757
210417
208407
208605
208338
209154
210243
209691
207961
203572
197089
189320
186760
194051
198766
198886
197218
191384
194885
195113
192121
196941
194204
195229
196105
195303
197808
199531
199019
195803
196696
194273
193876
193223
193133
188177
188408
192003
192381
195135
198705
197992
199582
201343
201489
201745
200368
199423
202385
203310
203366
203077
201893
205251
207514
207117
206588
209035
208940
207936
210405
210979
210231
209992
209919
207858
208171
207500
204596
202304
205318
205043
208358
208123
208916
208659
208913
208887
209011
208040
210262
207951
204962
209168
207707
206359
204761
205222
201236
202193
204341
207307
204189
200555
202115
203896
206429
206098
205650
207836
206336
204393
201266
201670
199026
194308
192203
192367
193868
189028
192183
188032
188132
185932
186898
190690
187707
190363
188294
189335
194023
193938
190303
191253
191544
188005
185343
185220
185185
182907
186478
189557
192681
191782
191778
194550
192127
192980
195169
194805
193222
197834
198644
199340
199998
200176
197926
198926
198956
202218
201964
201593
202721
204058
204958
205160
204980
203670
203593
203705
205501
206394
205973
207278
206612
204517
206665
204191
204759
204198
206171
208241
208278
208072
209434
210080
210239
209147
209158
208779
209169
209514
207581
206530
208142
206337
205112
205062
205713
205868
208438
206445
206411
204660
206665
204720
204763
204004
205232
204804
207606
209054
209010
209906
209694
209933
210526
209912
210940
211212
211912
211547
209607
207906
207532
207150
207798
207121
208325
208889
208544
211332
203741
200054
203608
207077
209886
210294
208855
209972
209789
212989
213715
215213
215242
216375
216173
216688
216378
217302
216516
217503
216847
216917
216658
217006
217360
217084
215703
216379
216425
218287
218088
218173
217548
218579
218405
219014
217814
218221
218702
218387
218263
218689
217543
217246
216904
218037
217612
217094
217086
217997
218647
218615
218130
212781
215904
212702
212577
214726
213915
213912
213976
216312
217717
216468
214610
215992
217137
215112
216827
216119
215048
215972
216077
215373
216365
213672
213917
213255
213297
212650
213960
214429
214134
214115
215133
214315
213942
213304
212640
212614
211171
209793
208865
208517
213152
213956
216326
216747
216444
216419
218038
217693
218712
218189
219817
220293
220471
221335
220171
220465
219881
219108
219194
220470
221222
224135
224618
225953
225695
227171
225328
226203
225807
226253
227076
226517
226095
226379
226887
224991
224926
223883
225783
227075
226900
227697
226889
226889
227532
227043
227463
226788
227188
226368
227131
226519
228007
229837
229667
229468
228089
227887
227955
228085
229741
229256
229308
229466
230787
231610
232825
233758
234925
234721
235115
236537
236282
236381
236734
236975
236363
239595
238191
238312
237531
236838
236297
236487
237260
237346
236544
238526
238137
237825
237346
234402
234844
234595
234397
234159
235857
236112
236806
236271
235884
236015
235294
235748
235554
235715
235378
234492
232894
234901
234218
233816
235584
234868
237414
238861
238744
238877
238419
238833
239116
238812
238952
239929
239937
239691
239962
239443
239089
240232
240066
235703
236571
238172
239402
239841
240438
241507
241582
241290
241180
243006
243907
243610
242933
243313
243379
243177
242938
244035
243791
243245
243314
245345
243703
243561
243450
243830
243907
241937
244068
241969
242340
242901
243254
240975
242517
242742
242553
244325
244783
245927
245913
246061
247383
247344
247254
246990
247712
247783
247541
247210
247030
247635
247757
247215
247683
248090
247491
247402
243820
244132
246584
246461
246811
243001
242555
242837
245251
244404
243896
244305
244423
244630
245759
247164
247655
245785
246554
246510
246142
248811
249647
249837
249562
250022
250387
250664
250823
250060
250221
249665
249684
250704
251006
251936
252912
253458
253773
255207
254933
254472
255063
255523
255092
255316
255763
255936
256126
256210
257520
256497
256912
255714
256039
258107
257283
257526
257936
257985
258784
259112
259063
259437
258462
258230
258484
257887
256462
258563
257885
258213
259903
259708
260241
260141
262704
262607
264758
264221
263943
262957
262927
263697
265150
265998
266411
266285
265201
267581
269015
268146
267925
268457
268334
268050
268262
268754
267361
269581
271306
272398
274314
274770
275129
274822
276756
278623
277641
280256
279803
281030
283296
283912
283754
283925
287287
285353
282242
282381
282197
276212
264893
269513
268165
258100
261955
265600
266293
269862
273119
273221
271626
270133
270395
274730
277960
274428
271383
267766
269125
272093
272812
272680
273896
278657
278302
276531
274947
274733
275201
271291
271693
271192
264368
258826
265855
261262
260500
264087
258187
261444
264468
266284
260446
261315
265687
264218
266398
265630
267784
270638
270863
269312
267013
267029
263456
263939
266693
266990
264805
265480
263566
262972
266341
267262
267191
269779
272307
272771
273012
271144
272245
272012
271296
273301
272443
273329
272776
272133
268986
272401
270527
273462
274687
274880
277235
277037
277903
278200
278685
277562
278248
277965
277375
276259
276732
274976
275487
271707
272306
269962
271631
271837
272670
271321
273661
275982
278416
279384
277402
279829
280131
279842
280955
281562
280448
280183
280697
282039
284607
283743
281882
280260
281629
281336
282721
284035
285039
285844
285769
285358
283328
282192
283995
281837
284068
285012
285705
286295
286182
285697
287468
289673
289752
291404
290112
290152
289671
288860
287805
287167
287712
288788
288891
290417
290497
288880
290431
290794
293075
292966
291937
291556
290596
291400
291397
292459
292342
292551
290161
288557
288442
288034
278567
272837
276712
275079
280991
280920
276878
276778
275587
274068
265610
270557
265868
264125
268262
271173
274037
272306
273831
275544
281388
280683
278101
272621
272217
270158
273019
273627
269072
264188
264992
263256
267344
268216
274379
273780
276016
279037
270006
269594
263308
263771
263678
265107
265054
259994
254593
254615
250695
246741
241662
235110
246769
248883
248573
250685
251003
244788
253193
254968
257440
258495
259663
259626
258261
261030
261610
263595
267070
263289
263869
264233
266476
264385
264000
268105
270410
270653
272487
273769
273161
270605
270787
270980
274472
275303
274572
277560
277976
278469
277487
279266
279611
279389
279237
278448
280368
279281
278964
277144
274892
274307
278330
279152
281091
280847
282247
283293
283257
282422
285487
280070
279836
281845
280537
281543
283439
286718
286723
287339
287938
289273
289577
287819
288820
288832
290740
290558
290706
290044
290503
290796
293367
292725
292616
293987
294303
294583
292372
291752
294563
293246
288405
287941
287071
288139
281187
283440
285095
287632
285953
284022
286436
285627
282223
282606
280238
278302
278886
275206
274444
280327
282614
284348
287334
288672
288571
287984
289163
288697
288966
291775
292645
295417
295045
294535
291737
291378
292491
294176
296433
297301
299582
299040
297594
297962
299307
299990
301377
301430
300404
298441
299511
297661
298503
300546
301956
300366
302586
302096
301317
298037
295356
293205
284473
288177
288397
293809
291864
288269
292632
284060
284760
288867
292364
290051
292442
292294
284711
287837
286915
288793
292458
292645
290627
293778
297600
297870
297842
297938
300092
300957
300738
299795
300569
300672
300679
299207
299178
296660
298487
297762
296179
297673
294025
288761
291062
295201
293879
289306
291939
293812
297027
296614
299567
298968
299794
298619
300671
299598
300452
301029
302255
303941
303688
304677
303756
306690
307827
307462
307678
308517
309308
308701
309184
309404
309662
312045
312203
312017
310845
310354
311029
313363
314052
315362
314097
311387
309319
311276
311742
314590
313595
313252
314162
316857
316880
319144
319252
319113
320537
322121
322401
322337
323990
324002
322129
323078
325785
323485
324628
323717
325305
327469
326535
328812
328314
328929
331681
332962
332079
332175
332554
329546
324362
327623
327339
328365
322552
324891
329759
333468
334578
332770
335209
335775
337944
337393
338015
337029
338614
337322
333775
322588
312820
311638
297876
295421
309022
300337
313012
302393
297237
274656
288222
274137
248063
271102
238612
252918
239810
240938
230491
223739
244733
247556
263007
254146
262664
258459
247050
252689
248864
266367
265940
274997
278982
300100
